cam_model: Pinhole
cam_width: 1280
cam_height: 1024
scale: 0.5
cam_fx: 1287.17387
cam_fy: 1277.63516
cam_cx: 612.54926
cam_cy: 490.22485
cam_d0: -0.083689  # k1
cam_d1: 0.109765   # k2
cam_d2: -0.001724  # p1
cam_d3: -0.002298  # p2